Day,Animal Count,Plant Count,Free Space Count,Most Popular Genotype,Avg Living Energy,Avg Lifespan,Avg Children
1,9,12,101,2, 6, 7, 1, 2, 2, 0, 6, 4, 5,0.0,0.0,0.0
2,0,22,99,,0.0,1.0,0.0
3,0,32,89,,0.0,1.0,0.0
4,0,41,80,,0.0,1.0,0.0
5,0,49,72,,0.0,1.0,0.0
6,0,57,64,,0.0,1.0,0.0
7,0,66,55,,0.0,1.0,0.0
8,0,72,49,,0.0,1.0,0.0
9,0,79,42,,0.0,1.0,0.0
10,0,85,36,,0.0,1.0,0.0
11,0,93,28,,0.0,1.0,0.0
12,0,103,18,,0.0,1.0,0.0
13,0,111,10,,0.0,1.0,0.0
14,0,118,3,,0.0,1.0,0.0
15,0,121,0,,0.0,1.0,0.0
16,0,121,0,,0.0,1.0,0.0
17,0,121,0,,0.0,1.0,0.0
18,0,121,0,,0.0,1.0,0.0
19,0,121,0,,0.0,1.0,0.0
20,0,121,0,,0.0,1.0,0.0
21,0,121,0,,0.0,1.0,0.0
